1.  9  18  46  116  276  615  1284  2530  4774  8797  16131  29777  55390  103097  190178  344982  612707  1064056  1808240  3012174  4927668  7927359
2.  9  28  70  160  339  669  1246  2244  4023  7334  13646  25613  47707  87081  154804  267725  451349  744184  1203934  1915494  2999691
3.  19  42  90  179  330  577  998  1779  3311  6312  11967  22094  39374  67723  112921  183624  292835  459750  711560  1084197
4.  23  48  89  151  247  421  781  1532  3001  5655  10127  17280  28349  45198  70703  109211  166915  251810  372637
5.  25  41  62  96  174  360  751  1469  2654  4472  7153  11069  16849  25505  38508  57704  84895  120827
6.  16  21  34  78  186  391  718  1185  1818  2681  3916  5780  8656  13003  19196  27191  35932
7.  5  13  44  108  205  327  467  633  863  1235  1864  2876  4347  6193  7995  8741
8.  8  31  64  97  122  140  166  230  372  629  1012  1471  1846  1802  746
9.  23  33  33  25  18  26  64  142  257  383  459  375  -44  -1056
10.  10  0  -8  -7  8  38  78  115  126  76  -84  -419  -1012
11.  -10  -8  1  15  30  40  37  11  -50  -160  -335  -593
12.  2  9  14  15  10  -3  -26  -61  -110  -175  -258
13.  7  5  1  -5  -13  -23  -35  -49  -65  -83
14.  -2  -4  -6  -8  -10  -12  -14  -16  -18
15.  -2  -2  -2  -2  -2  -2  -2  -2
16.  0  0  0  0  0  0  0
